Delta = [
0.8
0.7
0.9]';      

Gamma = [0.05 0.03 0.05; 
         0.03 0.11 0.15;
         0.05 0.15 0.02];    
     
vomma = [
0.00 0.00 0.00
0.00 0.00 0.0
0.00 0.0 0.00];    
     
vanna = [
0.00 0.00 0.00; 
0.00 0.00 0.0;
0.00 0.00 0.000
];
      
      
rho = [0.0 0.0 0.0];

Vega = [0.00 0.00 0.00];
vegaBasket = 0.2;

theta = [0 0]; %????????????????
charm = [0.001 0.004 0.003];
charmBasket = 0.1;

gammaCross = [0 0; 0 0];
vommaCross = [0 0; 0 0];    
vannaCross = [0 0; 0 0];